1604033406870 0 49
1604033407209 0 54
1604033407820 1 99
1604033408214 1 108
1604033408781 2 149
1604033409186 2 162
1604033409736 3 199
1604033410144 3 216
1604033410653 4 249
1604033411124 4 270
1604033411603 5 299
1604033412131 5 324
1604033412599 6 349
1604033413114 6 378
1604033413500 7 399
1604033414072 7 432
1604033414420 8 449
1604033415024 8 486
1604033415361 9 499
1604033415990 9 540
1604033416280 10 549
1604033416951 10 594
1604033417191 11 599
1604033417908 11 648
1604033418145 12 649
1604033418571 12 699
1604033418884 12 702
1604033419568 13 749
1604033419927 13 756
1604033420514 14 799
1604033420897 14 810
1604033421481 15 849
1604033421895 15 864
1604033422407 16 899
1604033422857 16 918
1604033423354 17 949
1604033423835 17 972
1604033424316 18 999
1604033424820 18 1026
1604033425234 19 1049
1604033425797 19 1080
1604033426180 20 1099
1604033426838 20 1134
1604033427176 21 1149
1604033427793 21 1188
1604033428088 22 1199
1604033428757 22 1242
1604033429035 23 1249
1604033429732 23 1296
1604033429982 24 1299
1604033430397 24 1349
1604033430701 24 1350
1604033431368 25 1399
1604033431686 25 1404
1604033432316 26 1449
1604033432707 26 1458
1604033433313 27 1499
1604033433713 27 1512
1604033434254 28 1549
1604033434685 28 1566
1604033435185 29 1599
1604033435641 29 1620
1604033436099 30 1649
1604033436602 30 1674
1604033437035 31 1699
1604033437562 31 1728
1604033437956 32 1749
1604033438509 32 1782
1604033438866 33 1799
1604033439488 33 1836
1604033439825 34 1849
1604033440439 34 1890
1604033440731 35 1899
1604033441437 35 1944
1604033441690 36 1949
1604033442419 36 1998
1604033442749 36 1999
