1604033406870 0.282725989818573 49
1604033407820 0.21954721212387085 99
1604033408781 0.12462419271469116 149
1604033409736 0.10448581725358963 199
1604033410653 0.055811453610658646 249
1604033411603 0.05334999039769173 299
1604033412599 0.043652817606925964 349
1604033413500 0.03973514959216118 399
1604033414420 0.02312297374010086 449
1604033415361 0.01863587275147438 499
1604033416280 0.030006038025021553 549
1604033417191 0.031702250242233276 599
1604033418145 0.01272949855774641 649
1604033418571 0.0317610427737236 699
1604033419568 0.010177263990044594 749
1604033420514 0.004751484841108322 799
1604033421481 0.008879940025508404 849
1604033422407 0.01243229303508997 899
1604033423354 0.0066251750104129314 949
1604033424316 0.004935182631015778 999
1604033425234 0.007637349423021078 1049
1604033426180 0.006912298500537872 1099
1604033427176 0.003818034427240491 1149
1604033428088 0.0021131541579961777 1199
1604033429035 0.006066317670047283 1249
1604033429982 0.0028877968434244394 1299
1604033430397 0.002117738127708435 1349
1604033431368 0.0012500329175963998 1399
1604033432316 0.0025270236656069756 1449
1604033433313 0.0007338137947954237 1499
1604033434254 0.0014028967125341296 1549
1604033435185 0.0002502681454643607 1599
1604033436099 0.0001502965751569718 1649
1604033437035 0.0005000652745366096 1699
1604033437956 9.601533383829519e-05 1749
1604033438866 0.00011924577120225877 1799
1604033439825 6.247631972655654e-05 1849
1604033440731 6.771419430151582e-05 1899
1604033441690 8.119388803606853e-05 1949
