1604033406870 0.916015625 49
1604033407820 0.9306640625 99
1604033408781 0.9638671875 149
1604033409736 0.966796875 199
1604033410653 0.9833984375 249
1604033411603 0.9833984375 299
1604033412599 0.98828125 349
1604033413500 0.986328125 399
1604033414420 0.9931640625 449
1604033415361 0.99609375 499
1604033416280 0.9892578125 549
1604033417191 0.9921875 599
1604033418145 0.9970703125 649
1604033418571 0.990234375 699
1604033419568 0.998046875 749
1604033420514 1.0 799
1604033421481 0.9970703125 849
1604033422407 0.998046875 899
1604033423354 0.998046875 949
1604033424316 0.9990234375 999
1604033425234 0.99609375 1049
1604033426180 0.9970703125 1099
1604033427176 0.9990234375 1149
1604033428088 1.0 1199
1604033429035 0.998046875 1249
1604033429982 1.0 1299
1604033430397 1.0 1349
1604033431368 1.0 1399
1604033432316 0.9990234375 1449
1604033433313 1.0 1499
1604033434254 0.9990234375 1549
1604033435185 1.0 1599
1604033436099 1.0 1649
1604033437035 1.0 1699
1604033437956 1.0 1749
1604033438866 1.0 1799
1604033439825 1.0 1849
1604033440731 1.0 1899
1604033441690 1.0 1949
